VARIANT	ACB	ASW	ESN	GWD	LWK	MSL	YRI	CLM	MXL	PEL	PUR	CDX	CHB	CHS	JPT	KHV	CEU	FIN	GBR	IBS	TSI	BEB	GIH	ITU	PJL	STU
FCGR3B_1:161629989G>C	0.052	0.033	0.03	0.035	0.056	0.018	0.046	0.17	0.148	0.194	0.12	0.392	0.15	0.343	0.327	0.354	0.045	0.061	0.093	0.084	0.033	0.145	0.141	0.049	0.146	0.044
FCGR3B_1:161629903T>C	0.484	0.623	0.455	0.615	0.601	0.641	0.546	0.5	0.422	0.394	0.577	0.253	0.476	0.324	0.312	0.318	0.662	0.657	0.654	0.636	0.71	0.471	0.583	0.632	0.547	0.716
FCGR3B_1:161629864G>T	0.172	0.172	0.222	0.204	0.167	0.306	0.282	0.037	0.008	0	0.053	0	0	0	0	0	0.015	0.005	0.011	0.023	0.019	0.035	0.131	0.093	0.094	0.103
FCGR3B_1:161629853T>C	0.391	0.221	0.354	0.416	0.359	0.288	0.25	0.287	0.258	0.347	0.202	0.522	0.238	0.433	0.438	0.47	0.121	0.096	0.132	0.178	0.136	0.349	0.262	0.176	0.302	0.142
FCGR3B_1:161629983A>G 	0.089	0.041	0.076	0.04	0.086	0.029	0.093	0.181	0.148	0.194	0.12	0.392	0.15	0.343	0.327	0.354	0.045	0.061	0.099	0.084	0.033	0.145	0.141	0.049	0.141	0.044
FCGR3B_1:161629726C>T 	0.443	0.303	0.439	0.301	0.384	0.3	0.361	0.489	0.578	0.6	0.413	0.737	0.515	0.676	0.673	0.677	0.338	0.338	0.335	0.355	0.28	0.523	0.417	0.368	0.453	0.275
FCGR3B_1:161629739C>T 	0	0	0	0	0	0	0	0	0	0	0.005	0.032	0.044	0.033	0.034	0.025	0	0.005	0	0	0	0	0	0	0	0.005
SLC44A2_19:10631490C>T	0	0	0	0	0.005	0	0	0	0	0	0.005	0	0	0	0	0	0	0	0.005	0.009	0.005	0	0	0	0	0
SLC44A2_19:10631494A>G	0.958	0.918	0.995	0.956	0.96	0.982	0.986	0.787	0.867	0.947	0.822	0.828	0.641	0.633	0.683	0.783	0.778	0.793	0.775	0.766	0.715	0.715	0.675	0.775	0.76	0.843
ITGAM_16:31265490G>A	0.109	0.082	0.141	0.133	0.136	0.118	0.106	0.122	0.031	0.029	0.144	0.054	0.005	0	0	0.02	0.101	0.096	0.148	0.15	0.159	0.052	0.068	0.083	0.068	0.025
ITGAL_16:30506720G>C	0.479	0.287	0.444	0.407	0.439	0.424	0.417	0.234	0.141	0.1	0.25	0.247	0.063	0.076	0.135	0.162	0.293	0.273	0.297	0.322	0.318	0.733	0.641	0.775	0.651	0.77
CD177_19:43362297G>A	0.026	0.016	0	0	0	0	0	0.048	0.047	0.024	0.096	0	0	0	0	0	0.111	0.071	0.121	0.15	0.089	0.006	0.029	0.015	0.026	0.01
CD177_19:10602536G>A	0.036	0.057	0.061	0.088	0.056	0.082	0.065	0	0	0	0.005	0	0	0	0	0	0	0	0	0	0	0	0	0	0	0
CD177_19:10627963C>T	0.844	0.82	0.884	0.863	0.838	0.859	0.889	0.782	0.867	0.947	0.793	0.828	0.641	0.633	0.683	0.783	0.778	0.793	0.775	0.766	0.715	0.715	0.675	0.77	0.745	0.843
CD177_19:10631490C>T	0	0	0	0	0.005	0	0	0	0	0	0.005	0	0	0	0	0	0	0	0.005	0.009	0.005	0	0	0	0	0
CD177_19:10631494A>G	0.958	0.918	0.995	0.956	0.96	0.982	0.986	0.787	0.867	0.947	0.822	0.828	0.641	0.633	0.683	0.783	0.778	0.793	0.775	0.766	0.715	0.715	0.675	0.775	0.76	0.843
CD177_19:10632065G>A	0.005	0	0.005	0	0	0	0	0	0	0	0	0	0	0	0	0	0	0	0	0	0	0	0	0	0	0
CD177_19:10635053A>G	0.031	0.033	0.061	0.049	0.116	0.041	0.056	0	0.008	0.006	0.005	0	0	0	0	0	0	0	0	0	0	0	0	0	0	0
CD177_19:10635247C>T	0.031	0.033	0.061	0.049	0.116	0.041	0.056	0	0.008	0.006	0.005	0	0	0	0	0	0	0	0	0	0	0	0	0	0	0
CD177_19:10643307G>A	0.057	0.041	0.101	0.058	0.167	0.053	0.139	0.011	0.008	0.006	0.01	0	0	0	0	0	0	0	0	0	0	0	0	0	0	0
CD177_19:10643310C>G	0.01	0	0	0.004	0	0.006	0	0	0	0	0	0	0	0	0	0	0	0	0	0	0	0	0	0	0	0
CD177_19:10643627T>C	0.021	0.033	0.015	0.04	0.015	0.059	0.023	0	0	0	0.005	0	0	0	0	0	0	0	0	0	0	0	0	0	0	0
CD177_19:10643724A>G	0.693	0.68	0.677	0.748	0.631	0.694	0.685	0.702	0.766	0.906	0.697	0.753	0.592	0.567	0.668	0.682	0.591	0.677	0.604	0.593	0.528	0.587	0.578	0.672	0.615	0.725
CD177_19:10644138G>A	0.005	0.016	0	0	0	0	0	0.021	0.055	0.012	0.024	0.048	0.024	0.019	0.01	0.025	0.015	0.035	0.038	0.037	0.042	0.035	0.073	0.098	0.057	0.083
CD177_19:10644229G>T	0.833	0.787	0.879	0.867	0.894	0.853	0.88	0.718	0.789	0.924	0.726	0.833	0.65	0.629	0.673	0.788	0.616	0.677	0.643	0.645	0.561	0.663	0.65	0.775	0.755	0.848
