VARIANT	gnomAD_EAS	gnomAD_SAS	gnomAD_Latino_admix_AMR	gnomAD_EUR_Non_Finnish	gnomAD_AFR_AMR	gnomAD_AZK_JEW	gnomAD_EUR_Finnish	gnomAD_AMISH	gnomAD_GME	gnomAD_OTHERS
FCGR3B_1:161629989G>C	0.002527	0.001425	0.0009434	0.0007748	0.0005179	0.0003446	0.0001284	0	0	0.0006859
FCGR3B_1:161629903T>C	0.8273	0.9352	0.9249	0.9845	0.8501	0.9603	0.9845	0.9196	0.9194	0.9289
FCGR3B_1:161629864G>T	0	0.1193	0.03861	0.02916	0.2286	0.02176	0.03438	0.04898	0.04825	0.05888
FCGR3B_1:161629853T>C	0.07095	0.03155	0.02398	0.01583	0.01799	0.01252	0.00397	0.03293	0.01136	0.02159
FCGR3B_1:161629781T>C	0.07974	0.02411	0.02433	0.01805	0.009254	0.008065	0.006208	0.02548	0.02778	0.02387
FCGR3B_1:161629983A>G 	0.0008039	0.001045	0.0007117	0.0004611	0.0016	0	0	0	0	0.00134
FCGR3B_1:161629726C>T 	0.1895	0.07621	0.06891	0.05533	0.03615	0.03781	0.0442	0.08696	0.06818	0.06534
FCGR3B_1:161629739C>T 	0.04576	0.003277	0.0007239	0.0005912	0.0001744	0.01113	0.005425	0	0	0.002075
SLC44A2_19:10631490C>T	0	0.0008275	0.004524	0.006998	0.001134	0.006344	0.0006591	0	0.003165	0.00431
SLC44A2_19:10631494A>G	0.6825	0.771	0.8352	0.7837	0.9347	0.7702	0.8141	0.707	0.7089	0.8129
ITGAM_16:31265490G>A	0.006378	0.0664	0.1019	0.1156	0.1156	0.1524	0.1183	0.1912	0.1741	0.1389
ITGAL_16:30506720G>C	0.1429	0.6563	0.2574	0.2937	0.4215	0.3139	0.2543	0.3022	0.3449	0.2989
CD177_19:43362297G>A	0	0.01969	0.06976	0.1038	0.01868	0.05876	0.05896	0.04715	0.003165	0.07225
CD177_19:10602536G>A	0	0	0.006621	8.831E-05	0.04915	0	0	0	0	0.01195
CD177_19:10627963C>T	0.683	0.7678	0.8267	0.7829	0.8367	0.77	0.8154	0.707	0.7089	0.799
CD177_19:10631490C>T	0	0.0008275	0.004524	0.006998	0.001134	0.006344	0.0006591	0	0.003165	0.00431
CD177_19:10631494A>G	0.6825	0.771	0.8352	0.7837	0.9347	0.7702	0.8141	0.707	0.7089	0.8129
CD177_19:10632065G>A	0	0	0.000131	0	0.004562	0	0	0	0	0.000956
CD177_19:10635053A>G	0	0.0004151	0.005374	0.0002646	0.04356	0.005476	0	0	0.006329	0.008126
CD177_19:10635247C>T	0	0.0004146	0.005373	0.0002646	0.04355	0.005476	0	0	0.006329	0.008118
CD177_19:10643307G>A	0	0.0004137	0.008905	0.0006909	0.07715	0.005476	0	0	0.006329	0.01576
CD177_19:10643310C>G	0	0.000207	0.000131	2.94E-05	0.005308	0	0	0	0	0.000956
CD177_19:10643627T>C	0	0.001243	0.002488	0.0002793	0.02189	0	0	0	0	0.004306
CD177_19:10643724A>G	0.6389	0.6665	0.7236	0.6476	0.6715	0.6825	0.7173	0.4254	0.5506	0.659
CD177_19:10644138G>A	0.02565	0.05906	0.03409	0.04669	0.009034	0.02046	0.02715	0.02303	0.01582	0.03595
CD177_19:10644229G>T	0.684	0.7614	0.7609	0.6777	0.8168	0.7151	0.7258	0.4637	0.6329	0.7227
